0000000000000000000000000000000000000000000000
0000000000000000000000000000000000000000000000
0000000000000000000000000000000000000000000000
0000000000000000000000000000111111111111100000
0000000000000000000000000000000100000100000000
0000000000000000000000000000000000000000000000
0000000000000000000000000000000000111100000000
0000000000000000000000000000000000000100000000
0000000000000000000000000000000000000000000000
0000000000000000000000000000000000111100000000
0000000000000000000000000000000111111111100000
0000000000000000000000000000000000110000000000
0000000000000000000000000000000000111100000000
0000000000000000000001111000000000111100000000
0000000000000000000000000000000000000000000000
0000000000000000000000000000000000000000000000
0000000000000000000001111000000000000000000000
0000000000000000000000000000000000000000000000
0000000000000000000000000000000000000000000000
0000000000000000000001001000000000000000000000
0000000000000000000000000000000000000000000000
0000000000000000000000101000000000000000000000
0000000000000001111111111111000000000000000000
0000000000000001001000000001000000000000000000
0000000000000000000000111000000000000000000000
0000000000000001111000111000000000000000000000
0000000000000001110001111000000000000000000000
0000000000000000000000000000000000000000000000
0000000000000001111000000000000000000000000000
0000001110001111111000000000000000000000000000
0000000000000000110000000000000000000000000000
0000000000000001110000000000000000000000000000
0000000000000001111000000000000000000000000000
0000000000000001110000000000000000000000000000
0000000000000000111000000000000000000000000000
0000000000000001111000000000000000000000000000
0000000000000001110000000000000000000000000000
0000000000000000111000000000000000000000000000
0000001111111111111000000000000000000000000000
0000000000000000000000000000000000000000000000
