[20, 23]
[20, 24]
[20, 70]
[20, 71]
[21, 72]
[22, 72]
[23, 68]
[23, 69]
[24, 25]
[24, 69]
[68, 25]
[68, 69]
[69, 25]
[69, 26]
[69, 68]
[69, 69]
[70, 22]
[70, 72]
[71, 22]
[71, 72]
[72, 23]
[72, 24]
[72, 70]
[72, 71]
[79, 24]
[79, 24]
[79, 70]
[79, 70]
[81, 72]
[81, 72]
[82, 68]
[82, 69]
[83, 25]
[83, 69]
[127, 25]
[127, 69]
[128, 25]
[128, 26]
[128, 68]
[128, 69]
[129, 22]
[129, 22]
[129, 72]
[129, 72]
[131, 24]
[131, 24]
[131, 70]
[131, 70]
[138, 24]
[138, 24]
[138, 70]
[138, 70]
[140, 22]
[140, 72]
[140, 72]
[141, 68]
[141, 69]
[142, 25]
[142, 69]
[186, 25]
[186, 69]
[187, 25]
[187, 26]
[187, 68]
[187, 69]
[188, 22]
[188, 22]
[188, 72]
[188, 72]
[190, 24]
[190, 24]
[190, 70]
[190, 70]