[array(

[[[ 25,  99]],

[[ 23, 101]],

[[ 23, 181]],

[[ 25, 183]],

[[185, 183]],

[[187, 181]],

[[187, 101]],

[[185,  99]]], 

dtype=int32), array(

[[[ 25,  99]],

[[185,  99]],

[[187, 101]],

[[187, 181]],

[[185, 183]],

[[ 25, 183]],

[[ 23, 181]],

[[ 23, 101]]], 

dtype=int32), array(

[[[ 26, 102]],

[[ 26, 180]],

[[184, 180]],

[[184, 102]]], 

dtype=int32), array(

[[[ 26, 103]],

[[ 27, 102]],

[[183, 102]],

[[184, 103]],

[[184, 179]],

[[183, 180]],

[[ 27, 180]],

[[ 26, 179]]], 

dtype=int32), array(

[[[140,  22]],

[[138,  24]],

[[138,  70]],

[[140,  72]],

[[188,  72]],

[[190,  70]],

[[190,  24]],

[[188,  22]]], 

dtype=int32), array(

[[[140,  22]],

[[188,  22]],

[[190,  24]],

[[190,  70]],

[[188,  72]],

[[140,  72]],

[[138,  70]],

[[138,  24]]], 

dtype=int32), array(

[[[141,  25]],

[[141,  69]],

[[187,  69]],

[[187,  25]]], 

dtype=int32), array(

[[[141,  26]],

[[142,  25]],

[[186,  25]],

[[187,  26]],

[[187,  68]],

[[186,  69]],

[[142,  69]],

[[141,  68]]], 

dtype=int32), array(

[[[ 81,  22]],

[[ 79,  24]],

[[ 79,  70]],

[[ 81,  72]],

[[129,  72]],

[[131,  70]],

[[131,  24]],

[[129,  22]]], 

dtype=int32), array(

[[[ 81,  22]],

[[129,  22]],

[[131,  24]],

[[131,  70]],

[[129,  72]],

[[ 81,  72]],

[[ 79,  70]],

[[ 79,  24]]], 

dtype=int32), array(

[[[ 82,  25]],

[[ 82,  69]],

[[128,  69]],

[[128,  25]]], 

dtype=int32), array(

[[[ 82,  26]],

[[ 83,  25]],

[[127,  25]],

[[128,  26]],

[[128,  68]],

[[127,  69]],

[[ 83,  69]],

[[ 82,  68]]], 

dtype=int32), array(

[[[21, 22]],

[[20, 23]],

[[20, 71]],

[[21, 72]],

[[71, 72]],

[[72, 71]],

[[72, 23]],

[[71, 22]]], 

dtype=int32), array(

[[[22, 22]],

[[70, 22]],

[[72, 24]],

[[72, 70]],

[[70, 72]],

[[22, 72]],

[[20, 70]],

[[20, 24]]], 

dtype=int32), array(

[[[23, 25]],

[[23, 69]],

[[69, 69]],

[[69, 25]]], 

dtype=int32), array(

[[[23, 26]],

[[24, 25]],

[[68, 25]],

[[69, 26]],

[[69, 68]],

[[68, 69]],

[[24, 69]],

[[23, 68]]], 

dtype=int32)]